ANES
296
296
296
296
299
299
299
299
299
299
401
402
403
410
427
496
496
496
496
496
496
DERM
296
296
296
299
299
299
299
299
428
436
496
496
496
496
496
EMED
296
296
296
296
299
299
299
299
299
411
420
423
425
427
473
496
496
496
496
496
FPM 
296
296
296
299
299
299
299
299
299
299
299
299
410
411
412
419
426
428
431
432
433
441
442
496
496
496
496
496
MED 
296
296
296
296
296
299
299
299
299
299
299
299
299
299
401
410
425
426
429
430
431
432
433
435
438
440
444
452
453
454
455
457
463
465
466
467
468
468
472
496
496
496
496
496
496
496
NEU 
296
296
296
299
299
299
401
426
427
496
496
496
496
496
OPTH
296
296
296
299
299
299
410
412
425
426
427
496
496
496
ORTH
296
296
296
299
299
299
299
299
425
426
428
429
431
435
450
496
496
496
496
496
PATH
296
296
296
299
299
299
299
299
401A
401B
401C
401S
410
411
412
426
427
428
496
496
496
PEDS
296
296
296
299
299
299
299
299
299
401
424
426
427
428
429
430
431
432
433
434
435
437
496
496
496
496
496
496
SPPS
400A
400A
400B
400B
401A
401A
401B
401B
402
402
403
403
421CH
421CH
421CP
421CP
421MC
421MC
421MH
421MH
421SH
421SH
422MC
422MC
423MC
423MC
424MC
424MC
425MC
425MC
426MC
426MC
427MC
427MC
428MC
428MC
431MC
431MC
432MC
432MC
433MC
433MC
435MC
435MC
436MC
436MC
437MC
437MC
438MC
438MC
439
439
440MC
440MC
441MC
441MC
442MC
442MC
443
443
444
444
445MC
445MC
446
446
447
447
448
448
449
449
451PE
451PE
455
455
456
456
457
457
458
458
459
459
460
460
461
461
462
462
463
463
464
464
496
496
PSY 
296
296
296
299
299
299
299
299
401
403
425
426
427
429
431
435
496
496
496
496
496
RMAS
296
296
299
299
299
410
429
496
496
496
496
RAD 
296
296
296
299
299
299
299
401
411
412
427
428
430
434
435
496
496
496
496
496
496
RMED
296
296
296
299
299
299
299
299
401
427
428
429
430
432
496
496
496
496
SOMI
421
SOMC
401A
402A
SURG
199
199
261
296
296
296
299
299
299
299
299
299
299
299
401
410
411
412
425
427
428
429
431
432
433
435
436
437
443
445
448
454
455
466
496
496
496
496
496
496
496
496
496
496
496
496
496
496
496
